586612
666698
735340
863333
913829
966968
1025534
1146171
1192919
1410649
1487325
1512920
1608782
1739089
1771563
1937849
2068227
2156079
2216048
2393759
2493079
2685023
2750550
2749439
2878420
2867745
2845342
3007074
3188581
3420887
3523054
3835677
3971975
4351196
4266907
4429921
4473450
4446679
4710645
4775690
4727822
4768968
5140027
5233081
5253099
5350247
5208913
5606303
5624804
5472194
5742400
5835371
5759116
5914315
6220903
6123379
6319768
6383148
6434203
6535556
6580724
5680319
5860157
5778346
6278621
6663940
6806949
6876407
6968011
7120805
7157869
7251993
7214943
7459807
7536718
7359835
7699623
7569094
7792429
7821547
7958637
7926740
7926331
7871852
8197051
8253718
8260185
7952661
8103348
8325663
8552576
8622127
8699934
8723896
8769702
8697340
8774742
8855591
8935450
