2.271386062999227
4.324496317000012
4.382105509999747
6.5131523110012495
6.6953477790011675
6.64584524699967
6.711799874999997
8.869925453000178
8.99126147700008
9.168041581999205
9.293437681000796
9.560853395998492
9.703562793001765
9.847868838000068
10.003474478999124
12.535875810999642
12.665883325998948
12.858137651999641
13.160617244000605
13.34120086800067
13.581127343000844
13.943336958000145
14.033817899000496
14.584661602000779
14.791476923001028
15.03567785300038
15.340518666000207
15.769512159000442
16.22932423400016
16.861747914999796
17.002839432001565
18.845168174999344
19.21025413299867
19.40376939899943
19.759597125001164
20.921399791999647
20.72879918400031
21.83846474100028
21.993301002999942
21.506113479001215
23.272830467998574
23.669401049000953
23.27257248299975
24.655086762999417
25.43316389699976
25.82403301099839
25.07227635900017
27.35212852299992
26.631161863999296
28.340902986999936
26.96993096999904
27.62308070799918
28.43254401500053
28.48455666099835
29.830208245000904
30.362951983999665
33.515030272999866
31.360698620999756
31.48364089000097
36.02523894800106
32.95090364099997
34.12013069599925
34.1300688120009
45.537128357000256
46.501570598999024
47.96722052900077
49.12405777599997
50.60944844400001
51.22417645799942
52.03157809299955
52.28556282499994
54.42422431199884
55.06572581
57.49633639300009
59.11526382199918
59.45770912199987
55.91907587700007
56.44661027700022
59.93431356899964
61.63994160400034
62.81328955900062
65.68871002800006
64.97454280199963
63.34242173799976
66.3681393959996
66.71099173700168
66.39127780300078
67.40889255299953
70.44652838100046
71.52344647100108
71.46272639299968
74.41671493299873
77.56806748399868
76.79549625599975
77.86537614999907
78.86183008400076
81.61396385999979
82.1924664369999
80.67249302600067
